[7 0 2 3 8 4 5 1 9 6] 
 [[7 0 2 3 8 4 5 1 9 6]
 [4 5 7 0 2 3 1 6 8 9]
 [6 3 7 8 0 9 2 1 4 5]
 [2 3 7 8 0 4 5 6 1 9]
 [7 4 3 5 0 1 2 6 8 9]
 [3 4 0 5 9 6 7 8 2 1]
 [7 4 1 2 0 3 6 8 5 9]
 [5 7 4 0 3 8 1 2 9 6]
 [2 0 6 8 7 9 1 5 4 3]
 [7 4 3 2 0 1 5 8 6 9]
 [0 7 3 2 1 4 5 8 6 9]
 [0 3 7 1 8 9 6 4 2 5]
 [2 8 3 0 7 6 5 9 1 4]
 [7 2 1 3 8 4 5 0 9 6]
 [7 8 3 1 0 6 2 4 9 5]
 [1 6 0 4 3 2 9 8 7 5]
 [2 7 0 3 5 4 1 8 9 6]
 [7 4 6 0 3 8 2 9 1 5]
 [2 8 0 7 9 3 6 1 4 5]
 [0 4 8 1 7 2 3 9 5 6]
 [0 3 9 1 6 8 7 4 5 2]
 [3 7 2 0 8 1 6 9 4 5]
 [7 2 1 3 0 4 9 6 8 5]
 [4 0 3 2 8 5 1 9 6 7]
 [0 4 3 7 1 8 5 2 6 9]
 [7 2 8 0 3 9 4 1 5 6]
 [5 0 7 4 3 2 8 9 1 6]
 [5 4 0 3 2 8 1 6 7 9]
 [7 3 2 5 4 8 1 0 9 6]
 [0 9 7 8 3 6 2 4 5 1]
 [4 7 0 5 8 3 2 9 1 6]
 [7 4 0 5 2 3 1 8 6 9]
 [2 1 3 0 8 6 7 4 5 9]
 [2 8 1 3 7 0 5 6 4 9]
 [3 6 0 7 2 8 5 4 1 9]
 [4 3 8 5 0 2 6 9 1 7]
 [5 4 7 2 0 3 1 8 9 6]
 [3 1 2 0 7 6 9 8 5 4]
 [5 3 4 2 7 8 9 1 6 0]
 [7 0 3 4 8 9 1 6 2 5]
 [3 0 2 1 8 7 9 4 5 6]
 [0 1 3 8 7 9 6 2 5 4]
 [6 8 2 7 0 3 1 9 4 5]
 [7 2 8 4 5 0 3 6 1 9]
 [0 4 3 7 1 2 6 5 9 8]
 [0 7 2 3 8 6 9 4 1 5]
 [1 7 2 0 8 3 4 5 6 9]
 [4 7 2 3 8 9 5 6 1 0]
 [2 8 1 7 0 4 3 6 9 5]
 [7 3 0 2 9 8 4 1 5 6]
 [4 7 0 5 3 9 8 2 6 1]
 [7 4 2 8 0 3 1 6 5 9]
 [1 7 2 0 8 3 5 4 6 9]
 [7 2 5 1 3 0 8 6 9 4]
 [7 4 3 1 0 8 2 6 9 5]
 [7 2 0 4 5 3 1 8 6 9]
 [7 2 8 6 0 9 3 4 1 5]
 [5 4 7 1 8 0 2 6 3 9]
 [1 4 3 0 7 2 8 6 5 9]
 [5 4 7 2 0 8 1 9 3 6]
 [4 5 7 8 1 2 0 3 6 9]
 [1 7 2 0 3 6 8 5 9 4]
 [1 0 8 4 7 5 2 3 9 6]
 [4 7 1 6 0 3 2 5 8 9]
 [1 4 6 0 7 3 2 9 8 5]] 
 [ 0.23554304  0.09283608  0.21836838  0.06450163 -0.03109499 -0.18796542
  0.1119015  -0.08692408  0.17824171  0.12683207  0.20643453 -0.09544949
  0.07074723 -0.0712039  -0.08560783 -0.04151134  0.18024628  0.13972663
  0.23968249 -0.05626053  0.00419547  0.13542077  0.11766881 -0.1359
 -0.07327246  0.22857208  0.09717514 -0.10005444 -0.0695048   0.60488635
  0.03314714  0.17195311 -0.00169461 -0.06900993  0.25861091 -0.34826167
  0.06766209  0.08879449 -0.3436097  -0.06499374  0.05618799 -0.03212487
  0.23748373  0.04171339  0.01928484  0.29488442  0.13227802 -0.14901852
 -0.08568614  0.33755842  0.0451878   0.1268562   0.14716006  0.13535351
 -0.05899487  0.21585439  0.24972388 -0.2211188  -0.05481833 -0.01515957
 -0.17779103  0.20497703 -0.18896961  0.01425259 -0.04734476] 
 [-15.104412573075514, -12.869927464594667, -2.2299971628526052, -1.4906000274885685, -1.1451087334206989, -1.0025269587854098, -0.91055824692400478, -0.48036746886629089, -1.8191073811154155, -0.33080588325891114, -0.2879326564919964, -0.76744412247158067, -17.126443761514835, -4.6478682784251255, -0.75557263580875045, -6.8256718607823359, -0.30204344908975145, -0.22634420006740186, -0.12586359150493109, -0.067149300461572636, -1.5915204873228532, -0.046854576914981294, -0.49451124627407239, -2.9004275708870395, -0.079825670578742347, -0.11265205074366236, -0.040588165805559129, -0.016580735464415852, -0.033795778906878127, -4.4461709133550471, -0.023474040363353765, -0.0043420038198576094, -0.011195113648611255, -0.0014365642813913837, -0.0011447041744361286, -0.00088229546179263707, -0.26657477876088365, -0.0010467133134426376, -0.00057621440309674199, -0.21572916385848373, -0.00091101841566398889, -1.0875305197493788, -0.036280124949684023, -0.0014193700039584201, -0.00040452502037169324, -0.20418181999816909, -0.00025337419361903812, -0.00014539759530407537, -5.2235094187835784e-05, -0.00019250686011673679, -0.00031711175259374613, -0.0084398555706641787, -8.8807840707186045, -0.51981719337119614, -0.002419687364366041, -0.00097328121392337152, -0.024034107490862766, -0.0017624076617295259, -0.00024205918741415644, -7.7994196885811107e-05, -0.0021981684502065946, -0.00067116824146751242, -0.0022630934733598451, -6.7827169630163553e-05, -21.915066298260854, -8.3002193149553847, -0.024135399772404753, -3.3507252183540004e-05, -1.1866580706509922e-05, -9.7749122573986824e-07]
