[7 2 1 8 5 6 4 0 3 9] 
 [[2 7 1 0 4 5 9 8 6 3]
 [5 1 0 3 6 8 7 2 4 9]
 [4 1 2 7 5 8 3 0 6 9]
 [4 7 2 1 3 5 0 8 9 6]
 [1 5 0 7 6 2 4 3 8 9]
 [7 1 0 9 6 2 8 5 3 4]
 [7 2 8 5 6 3 0 1 4 9]
 [1 7 5 4 3 2 6 9 0 8]
 [1 5 7 8 6 0 4 2 3 9]
 [7 2 1 8 5 6 4 0 3 9]
 [1 4 5 7 3 0 2 8 6 9]
 [2 5 8 7 1 0 9 6 3 4]
 [2 7 1 5 4 6 8 3 9 0]
 [4 1 5 0 6 7 2 3 8 9]
 [2 1 5 8 7 6 0 4 9 3]
 [5 4 7 1 3 2 9 0 6 8]
 [7 5 1 4 8 2 3 6 0 9]
 [4 7 5 1 2 3 8 0 9 6]
 [7 5 8 2 3 6 9 4 0 1]
 [7 1 0 5 2 3 4 8 6 9]
 [7 0 2 1 4 5 3 8 6 9]
 [7 0 2 6 5 8 1 3 9 4]
 [1 5 6 0 8 2 3 7 9 4]
 [0 5 8 2 7 3 9 6 1 4]
 [7 1 6 4 8 5 3 0 2 9]
 [6 5 8 7 2 1 4 3 0 9]
 [7 5 4 1 6 9 8 3 0 2]
 [2 7 0 8 6 1 5 3 4 9]
 [1 7 5 4 8 0 3 2 6 9]
 [7 2 0 1 8 9 6 3 4 5]] 
 [ 0.15245369  0.03928945  0.09829128  0.24079308 -0.43666435  0.81805258
  0.38638246  0.36205225 -0.06210908  0.71728865  0.00303851  0.33900501
  0.51989699 -0.87161206  0.33559771 -0.30611433  0.24222117  0.00119036
 -0.08602305  0.39559694  0.05898398  0.17655431 -0.76963721 -0.45738125
 -0.02317384 -0.8735947  -0.0776163   0.25507371 -0.02367947  0.03429211] 
 [-15.104412573075514, -10.768116025877671, -7.8612919611221619, -9.2357503704762358, -9.0962877282253913, -7.7289720727297038, -6.5145810356919993, -5.1289169955026619, -4.0828665321516562, -3.7436339262851632, -3.3913175161844764, -3.1911492285982042, -3.0165779075426773, -2.877930816932464, -2.7555031368363583, -2.6459056397258358, -2.5454551597874895, -2.4525262826687406, -2.3660340869866561, -2.2852420049821536, -2.2095731586692473, -2.1385472082969663, -2.0717496450635302, -2.0088170980799163, -1.949428157918506, -1.8932968532662482, -1.8401675551928474, -1.789810855946449, -1.7420201659479542, -1.6966088672599628, -1.6534079086099354, -1.6122637565920375, -1.573036638171164, -1.5355990240622042, -1.4998343131910801, -1.4656356863694242, -1.4329051033556439, -1.4015524221502726, -1.3714946230464538, -1.3426551228786856, -1.3149631672637874, -1.2883532905380193, -1.2627648346589453, -1.2381415196323395, -1.2144310590973646, -1.1915848156009048, -1.1695574908447348, -1.148306846826447, -1.1277934543339398, -1.107980465712739, -1.0888334092181999, -1.0703200026004325, -1.0524099838597074, -1.0350749573592282, -1.018288253698266, -1.0020248019358533, -0.98626101291776891, -0.84341344696044729, -0.73713984705440438, -0.65495568667929049, -0.58964913028592392, -0.53966055531054735, -0.54971337345677185, -1.5808027269423022, -0.474310038628591, -0.63090791193911144, -6.9998101214194932, -0.45362353177447901, -0.40586165535988528, -0.56347115312667384, -1.9685024476653936, -0.49577219562720387, -0.69105631209608731, -5.7892378059840972, -0.34379510627936583, -0.23045051472211497, -0.21741572509311169, -0.20869175273990237, -0.19967711271718969, -0.19302068149491447, -0.18483739757047601, -0.17846503038209249, -0.17206621465194871, -0.16670975788935039, -0.16177009341082282, -0.15731633001281153, -0.15317556377872421, -0.14929672751792111, -0.14563235239926797, -0.14215701143029946, -0.13885275603071534, -0.13570591174867985, -0.13270490079164432, -0.1298394671928591, -0.12710035961250554, -0.12447917451638091, -0.12196825244097909, -0.11956059483987502, -0.11724979313452621, -0.11502996704340518, -0.1128957106195756, -0.11084204485687366, -0.10886437592650111, -0.10695845826681705, -0.10512036187173379, -0.10334644322449549, -0.10163331940754716, -0.099977844987257924, -0.085103897907508497, -0.074277057512070144, -0.066003125359912929, -0.059586621487483171, -0.05811054554665418, -0.17409874795318103, -0.05630568396380653, -0.080656097440794383, -6.3255280011256048, -1.230108641672075, -0.5131605082744386, -0.13855626430233769, -0.068592060003986433, -0.059549453636059013, -0.80301021242998161, -16.571722334466958, -3.7210488954353984, -0.36975498629308134, -0.094455410117078031, -8.7994470724738534, -0.83033952263776634, -3.5412072399338612, -0.60400610278428246, -0.25639207705207667, -0.071428931147266894, -0.049103590997162883, -0.1526763593723075, -0.058171163913698365, -0.025585650259067449, -0.01997262022060653, -0.014639696224897136, -0.013864157782251141, -0.013325253656105929, -0.012887656637524003, -0.012508650129603893, -0.0121689492294621, -0.011858190318704942, -0.011570151793655725, -0.011300780790186593, -0.01104726148707158, -0.010807532345509685, -0.010580017729118651, -0.010363470040765321, -0.010156872383419113, -0.0099593760450318314, -0.0082352093265427584, -0.0070617637700678415, -0.0061991143473534294, -0.0055766083691111135, -0.006159452394570053, -0.07296261867247722, -0.12445847074626215, -0.043483316665174243, -0.0099989017562762683, -0.36220804214627833, -0.0288158104624614, -0.010785016985764173, -0.0081258230518130858, -0.0045438045504084812, -0.020766172367643776, -0.0048579905242149835, -0.0029369536981533884, -0.0037065189508069807, -0.00340445549355195, -0.0052648412800664346, -0.006049867619537963, -0.11791930487216007, -0.019129289143620554, -0.0071771775444631203, -0.0043486399770387152, -0.0028166337140902442, -0.0032626532979378453, -0.0018258808551081529, -0.0011429227013763921, -0.0010430234033549368, -0.00099823376906726935, -0.00089824183125131185, -0.0015595778308750141, -0.00086933486041118613, -0.0011892076872612733, -0.00075666861226864057, -0.0026654261205436569, -0.00082482029019104175, -0.0043256928466632871, -0.024662533656808705, -0.0030660586068762541, -0.0019507424496083559, -0.00066809499249131932, -0.00052164394050180363, -0.0024939522175486672, -0.00071433762707329151, -0.035411871751136914, -0.001285006182584425, -0.00068966482356813685, -0.0003302402414107064, -0.00032587543141460174, -0.00035227635795820333, -0.0007351707218390402, -0.0098614867029596098, -1.1462134246371818, -0.34336269637859118, -0.086339436886561316, -0.073207095982496639, -0.28961972530336766, -0.0014105467292608864, -0.00092833855237017815, -0.00036165466681836733, -0.00064100265822730762, -0.024145857829637407, -0.00061442026348856871, -0.00032239013512480597, -0.00013082286176313573, -0.00010321863544504595, -9.2531740477852509e-05, -8.0792679355567998e-05, -0.0077220506900630426, -0.95134914830782691, -2.3277354495828746, -0.018690571703302794, -0.0049156972622199646, -0.0010203243726891742, -0.00066257425484650412, -0.00028487395007914529, -0.00012078554840400102, -8.6506596375102163e-05, -4.5014310543933789e-05, -8.8854343232469546e-05, -0.0080478899646010404, -0.12958354307798459, -0.0023729299086028277, -0.00086822517846485425, -0.00075023006836261175, -0.035379008321569927, -0.00015831089444873214, -0.00010432941809312979, -9.0282047125356257e-05, -3.0203069115941616e-05, -2.2063641040404036e-05, -1.7670884886911153e-05, -1.4829727916776392e-05, -1.305985540511756e-05, -1.1916697786773511e-05, -1.1147919423137864e-05, -1.0610004011368801e-05, -1.0210558826884153e-05, -9.8939142958442972e-06]
