[0 3 1 6 9 4 8 7 2 5] 
 [[3 1 9 0 6 8 2 5 7 4]
 [4 7 3 0 9 2 8 1 6 5]
 [6 8 3 2 1 7 9 0 4 5]
 [0 1 3 6 7 5 8 2 9 4]
 [3 1 6 9 8 2 7 4 5 0]
 [5 1 0 3 6 9 4 7 8 2]
 [0 3 6 9 8 1 4 7 5 2]
 [0 3 1 6 9 4 8 7 2 5]
 [0 4 5 8 3 6 9 7 2 1]
 [7 5 0 6 8 4 1 2 3 9]
 [3 0 9 4 7 2 1 6 8 5]
 [5 7 0 1 4 9 6 8 3 2]
 [4 0 6 3 5 1 8 2 7 9]
 [3 9 0 8 1 2 6 7 5 4]
 [7 3 0 6 4 9 2 1 8 5]
 [5 0 1 3 6 9 7 2 8 4]
 [4 3 0 7 9 2 8 1 6 5]
 [0 3 6 9 4 5 7 2 8 1]] 
 [0.5887042  -0.15923597 -0.92483033  0.39696148 -0.89497828  1.22060393
  0.64358957  0.81901439 -0.99006524 -0.7934862   0.21921072 -0.72406596
  0.33004006 -0.00344433  0.99640784  0.40438141 -0.48150364 -0.04474052] 
 [-15.104412573075514, -12.235680444844245, -10.828445710730467, -9.9963900144687923, -6.1427227846606911, -8.1933543667613158, -19.528477683760528, -18.837656270866759, -18.17401122639771, -17.531894845324814, -16.907630272873874, -16.298833490252662, -15.703990219561959, -15.122192097366359, -14.552971481907463, -13.996197414054777, -13.45200923014707, -12.920772379709526, -12.403045467964105, -11.899549947161844, -11.411135275014864, -10.938733589255278, -10.483299784848192, -10.045735974802717, -9.626803946130714, -5.0528708477426694, -4.9628447184546047, -6.8661328855110817, -9.186259773549768, -7.5485349950974019, -5.2865540660138137, -4.9685176934231592, -4.5630370564671168, -5.1294752592032378, -4.5784039040280735, -4.5339147744988146, -3.6076614557766824, -3.3873968040048759, -2.7336708796211671, -2.8569877002271511, -2.3002361147082482, -2.3524511863404953, -1.8933878980884238, -1.8760854354222261, -1.5498717740378893, -1.4874046437526971, -1.2914476703934703, -1.2244567697371522, -1.1279420550810073, -1.0809200863798409, -1.0361435497608831, -1.0060947586478264, -0.9799529613469673, -1.0010693962199042, -0.90868816126079821, -1.5760924528405837, -1.0022542587419423, -0.84602250280227764, -2.1094296490307443, -1.1631065559170892, -0.73196255908457886, -1.159024372815189, -0.67687373859573086, -1.0663003637371631, -0.61080912500617046, -0.7074160032489516, -2.294198294411153, -0.83501803534241503, -4.00782852979507, -0.7568815098602073, -1.8910270943570566, -0.66824121371074341, -1.1338228849535881, -0.43358014470722139, -0.45484565966856394, -0.65604492775671019, -2.4271636452540264, -0.42718401785894855, -0.48158983547028811, -1.0154690568484739, -0.34649487753533492, -0.33606661383551284, -0.32739273017905646, -0.31676295534107624, -0.3191953339510718, -0.30958924358348838, -0.32338538628900437, -0.31678250968754185, -0.34893839552464101, -0.3559531559614868, -0.46443548667168955, -0.6973202900655906, -3.8439757673550758, -0.48709306931291962, -1.699995147832297, -0.41978272803147831, -0.20875892814254371, -0.19845974983128656, -0.19253819553502183, -0.18749392367259077, -0.1830081097250229, -0.17894429236783083, -0.17521456431437343, -0.17175660485827393, -0.1685246030353369, -0.16548406396756832, -0.16260847970416137, -0.15987710294051283, -0.15727341773769865, -0.15478406717988946, -0.15239808804558663, -0.15010635598038391, -0.14790117751785203, -0.14577598613692544, -0.14372511306881108, -0.14174361251329515, -0.1398271269420519, -0.13797178227562767, -0.1361741055644643, -0.13443095979600628, -0.13273949186265099, -0.13109709073533793, -0.12950135361889181, -0.12795005839987539, -0.12644114108920235, -0.1249726772545614, -0.12354286665691916, -0.1221500204702437, -0.12079255059019545, -0.11946896063554391, -0.11817783832243833, -0.11691784895087665, -0.11568772979246944, -0.1144862852066808, -0.11331238234492957, -0.11216494732809679, -0.11104296180596407, -0.10994545982347859, -0.1088715249365606, -0.10782028753021677, -0.10679092230469678, -0.10578264590192532, -0.1047947146530106, -0.10382642243237683, -0.10287709860800476, -0.10194610608172638, -0.10103283941468533, -0.10013672303531962, -0.099257209528047952, -0.090968723991423417, -0.084016116958579801, -0.078081056920126457, -0.073160984889753422, -0.07543126916218057, -0.56416265072992644, -1.4862790300967959, -0.14338742489539413, -0.071389065837223598, -0.23862811972793452, -0.078493738694191961, -1.1375928993361981, -0.072874984357014227, -0.33524918822533323, -0.081455047516641343, -0.6128474735764371, -3.0653397993843612, -0.31782727672123201, -0.095006392745148105, -0.18079413924172627, -0.060561334866406469, -0.090648385824351863, -4.5868564806825134, -0.15022266521435768, -0.052170200557043245, -0.067873402348226364, -1.5984661525041304, -0.033189387888114652, -0.044729146724648672, -0.16610790096132177, -0.026256465856562272, -0.024984148953762997, -0.023573418020816916, -0.022957649748462927, -0.02240423928944324, -0.021895367725420556, -0.021421807976423679, -0.02097767147327545, -0.020558713662921946, -0.020161706281044189, -0.019784134638882733, -0.019423970569562243, -0.01907955488513835, -0.018749493469158551, -0.018432603478260035, -0.018127862792397309, -0.017834381760764018, -0.017551376964263454, -0.017278154563115322, -0.017014095481641789, -0.016758644726962757, -0.016511302175615583, -0.01627161528423926, -0.01603917285819989, -0.015813599859882288, -0.015594552961147201, -0.015381716752273178, -0.015174800481645434, -0.014973535251471048, -0.014777671598352526, -0.01458697740486059, -0.01440123609123134, -0.014220245049784808, -0.014043814283894562, -0.013871765224308774, -0.013703929694742101, -0.013540149006786351, -0.013380273164386836, -0.013224160161456666, -0.0130716753608624, -0.012922690941508108, -0.012777085404877653, -0.012634743133020265, -0.01249555398976554, -0.012359412961245653, -0.012226219829130969, -0.012095878873537913, -0.011968298601090055, -0.011843391496142885, -0.011721073791619574, -0.011601265257951354, -0.011483889007905645, -0.011368871315710294, -0.011256141448910739, -0.011145631512249565, -0.011037276301721022, -0.010931013168402615, -0.010826781891097426, -0.010724524556991355, -0.010624185449700008, -0.010525710944108368, -0.010429049407377988, -0.010334151105865885, -0.010240968117557259, -0.010149454249159362, -0.010059564957941802, -0.0099712572779537822, -0.0091367798851820226, -0.0084335854273263067, -0.0078326264722079486, -0.0073129007191141682, -0.0068588345038733678, -0.0064587670363493999, -0.0061070664896476501, -0.0058702660471681156, -0.0072330488016802974, -0.34055123680931843, -0.0087933705477780677, -0.37782627427066018, -0.0221520717809085, -0.0097937179599227875, -0.047485144711117755, -0.33587434943274275, -0.045282867807401317, -0.016010775126574117, -0.0068214778086144179, -0.004616885689387118, -0.0050363369151966708, -0.048210846015848574, -0.032010214643747759, -0.011908714522974151, -0.0050313781180761907, -0.0073604457789713251, -0.99727202447616037, -0.011978084191042626, -0.0045830195274163543, -0.0045648926412980018, -0.0042253115591108781, -0.0041206477864363933, -0.0042175890468456601, -0.0089772147447035877, -2.7531679213610403, -0.0214628550163809, -0.0029087809759289485, -0.0029612799245342103, -0.0020271537982523569, -0.0019088859064311237, -0.001833739018252345, -0.0017721055149308995, -0.0017197884420454557, -0.0016743055883807756, -0.0016340316249738862, -0.001597844547660543, -0.0015649409396303327, -0.0015347283352298291, -0.0015067587423231998, -0.0014806859430507302, -0.001456237227245083, -0.001433194195442411, -0.001411379419153036, -0.0013906469705773361, -0.0013708755597861, -0.0013519634615590803, -0.0013338246938587872, -0.0013163860856195697, -0.00129958498885685, -0.0012833674672378947, -0.0012676868421976906, -0.0012525025131822076, -0.0012377789922197735, -0.0012234851084542697, -0.0012095933480225085, -0.0011960793057994579, -0.0011829212265865863, -0.0011700996220724846, -0.0011575969490706939, -0.0011453973399113693, -0.0011334863750107615, -0.0011218508914510039, -0.0011104788214879591, -0.0010993590555870014, -0.00108848132691719, -0.0010778361125005631, -0.001067414548913348, -0.001057208360975892, -0.0010472097998217578, -0.0010374115895501745, -0.0010278068815807728, -0.0010183892147779261, -0.0010091524806625785, -0.0010000908930010155, -0.00099119896100319238, -0.0009074500787278339, -0.00083740859093950348, -0.0007777719104069547, -0.00072631299707381913, -0.00068188181336381604, -0.00065403543186448587, -0.00094029571619103081, -0.98753734815875305, -0.0097447556684642223, -9.2368221355112325, -4.3088288209334564, -0.45562935855159026, -0.07487694459962313, -0.010901116244554032, -0.003930819548315867, -0.00093442600177695567, -0.00065616152164693631, -0.0012174114094136712, -0.0005733271673307172, -0.0015016783484611551, -0.00042665656434337507, -0.0005214150058350242, -0.013922733212780258, -0.0016230855304684155, -0.00033798043568822322, -0.00040241403456775515, -0.0017873485488735241, -0.00030309023350127973, -0.00032009347148687084, -0.00049683880212114673, -0.006263929371471022, -0.29454975125713645, -0.005164842254089308, -0.0011934490482303772, -0.00038953582736667158, -0.00035062060982227194, -0.00026560281730780844, -0.0002206290374715536, -0.00020247018068175748, -0.00019415085716900649, -0.00018820118265239216, -0.00018328173075587983, -0.00017901055889524287, -0.00017521037455026089, -0.00017176936904661488, -0.00016861012909430428, -0.00016567704824410612, -0.00016292924146910082, -0.00016033608017096412, -0.00015787423728852445, -0.00015552567759868907, -0.00015327625925465327, -0.00015111474539253322, -0.00014903208978012117, -0.00014702091823437513, -0.00014507514350725614, -0.00014318967970439189, -0.0001413602255411206, -0.00013958310120187889, -0.00013785512248887244, -0.00013617350492722835, -0.00013453578827693491, -0.0001329397787230846, -0.00013138350300323509, -0.00012986517197077774, -0.00012838315240060183, -0.000126935942887485, -0.00012552215679306755, -0.00012414050576126101, -0.00012278978800850382, -0.0001214688785466933, -0.0001201767199177084, -0.00011891231548588621, -0.00011767472381052357, -0.00011646305273416147, -0.00011527645625619698, -0.00011411412924644537, -0.00011297530562615066, -0.00011185925433210286, -0.00011076527772502232, -0.00010969270863370184, -0.00010864090882023447, -0.00010760926664943327, -0.00010659719589511951, -0.00010560413431903726, -0.00010462954179502049, -0.00010367289962687209, -0.00010273370912727842, -0.00010181149036725401, -0.00010090578166455089, -0.00010001613844679014, -9.9142132285123807e-05, -9.0882419328863762e-05, -8.3919424127998354e-05, -7.7965734533336217e-05, -7.2814173847746133e-05, -6.8311365396311885e-05, -6.4345650116592878e-05, -6.0937603450383904e-05, -6.0287650853751984e-05, -0.00012948868067041985, -5.5226332392521726e-05, -6.6944865636742179e-05, -0.001582748228258879, -0.00016318497921474773, -5.5184009966069425e-05, -0.0001091900832079773, -5.3128933075186069e-05, -6.3561948479673447e-05, -0.00038321495281934403, -0.00015049638375330687, -5.9857423025277967e-05, -7.1257992942719284e-05, -0.00048091098778968444, -0.00064246206221696411, -0.060383349474932402, -4.0488451816145243e-05, -3.5254364433967567e-05, -3.2612538973353367e-05, -3.0941638783588132e-05, -2.9465433613040659e-05, -2.8368332436912169e-05, -2.7274387605302763e-05, -2.6398903287372377e-05, -2.5550338477842161e-05, -2.4817134146815079e-05, -2.4132190219461336e-05, -2.3509084599027119e-05, -2.2927776001324673e-05, -2.2385421232229419e-05, -2.1874679418942833e-05, -2.1392572023160028e-05, -2.0935448389991507e-05, -2.0501078836332454e-05, -2.008719894774913e-05, -1.9692079945343721e-05, -1.9314161704642174e-05, -1.8952145182993263e-05, -1.8604893853080284e-05, -1.8271421197368909e-05, -1.7950851486148167e-05, -1.7642402553974534e-05, -1.7345366529752937e-05, -1.7059099434391101e-05, -1.6783011005827575e-05, -1.651655833256882e-05, -1.6259239146165783e-05, -1.6010588012704829e-05, -1.5770171671647404e-05, -1.55375862505025e-05, -1.5312453797378112e-05, -1.5094419779870805e-05, -1.4883151379763149e-05, -1.4678335105600127e-05, -1.4479675201073405e-05, -1.4286892451309541e-05, -1.4099722932314762e-05, -1.3917916703576338e-05, -1.3741237012254715e-05, -1.3569459497375647e-05, -1.3402371166648663e-05, -1.323977016909339e-05, -1.3081464999231684e-05, -1.2927273985496868e-05, -1.2777024608112697e-05, -1.263055332856311e-05, -1.2487705021158035e-05, -1.234833263197288e-05, -1.2212296780944598e-05, -1.2079465022907243e-05, -1.1949712529712997e-05, -1.1822920271242765e-05, -1.169897586805746e-05, -1.1577772852433554e-05, -1.1459210099928896e-05, -1.1343192056756379e-05, -1.1229627659758989e-05, -1.1118431075374247e-05, -1.1009520676452667e-05, -1.0902818644353829e-05, -1.0798251423693728e-05, -1.0695749210754002e-05, -1.059524521451749e-05, -1.0496676225102419e-05, -1.039998181795454e-05, -1.0305104524377384e-05, -1.021198954731517e-05, -1.0120584306605451e-05, -1.0030839121100144e-05, -9.9427057875800529e-06]
