[7 2 0 5 8 1 3 9 6 4] 
 [[8 7 2 5 0 3 9 4 1 6]
 [7 1 2 0 5 6 3 8 4 9]
 [7 5 2 1 8 6 3 0 4 9]
 [7 3 2 0 8 6 1 4 9 5]
 [5 7 2 3 1 9 8 6 4 0]
 [7 2 5 8 6 0 3 1 4 9]
 [2 7 8 3 4 5 1 9 0 6]
 [7 8 1 3 5 2 4 9 6 0]
 [2 9 7 0 5 8 1 3 4 6]
 [7 2 8 3 9 0 6 1 5 4]
 [8 2 1 0 5 7 3 6 4 9]
 [1 2 5 8 7 9 0 4 6 3]
 [2 7 1 0 4 5 3 8 9 6]
 [7 2 1 3 0 5 6 8 9 4]
 [8 1 5 3 9 2 7 6 4 0]
 [7 2 1 0 5 4 6 9 3 8]
 [5 7 1 0 2 6 8 3 9 4]
 [3 1 5 2 7 8 4 0 9 6]
 [7 6 2 1 8 0 4 3 9 5]
 [2 0 7 1 6 8 9 3 4 5]
 [7 2 1 5 0 3 4 8 6 9]
 [2 7 1 0 4 5 3 8 6 9]
 [7 2 5 8 1 9 0 4 3 6]
 [7 1 2 0 6 8 4 5 3 9]
 [7 2 9 3 1 8 0 6 4 5]
 [0 7 2 6 9 8 3 5 4 1]
 [7 8 2 0 6 9 1 4 5 3]
 [7 1 2 8 0 3 9 6 5 4]
 [5 6 3 0 8 7 2 9 4 1]
 [7 2 0 5 8 1 3 9 6 4]
 [2 1 0 5 7 8 3 9 4 6]
 [5 7 3 6 0 4 2 8 9 1]
 [1 7 3 0 2 8 9 5 4 6]
 [7 2 8 5 0 1 9 3 6 4]
 [7 2 0 3 8 1 4 5 6 9]
 [7 8 2 5 3 4 6 1 0 9]
 [6 0 2 7 3 8 5 9 1 4]
 [9 7 2 8 3 1 6 4 0 5]
 [7 8 5 2 0 3 4 1 9 6]
 [7 2 8 0 5 4 3 1 9 6]
 [1 7 6 2 3 8 5 4 0 9]
 [7 5 2 8 3 6 1 0 9 4]
 [2 5 6 3 8 7 0 9 1 4]
 [7 2 3 6 8 0 9 1 5 4]
 [2 7 1 8 3 6 9 4 5 0]
 [2 3 0 6 1 5 8 4 7 9]
 [6 8 7 2 9 0 1 3 5 4]
 [2 7 1 8 6 0 3 9 5 4]
 [7 5 2 8 4 0 3 1 9 6]
 [2 3 4 5 8 9 6 0 7 1]
 [2 0 3 8 4 9 5 7 1 6]
 [7 2 5 0 8 3 6 9 1 4]
 [7 2 5 0 8 4 3 9 6 1]
 [1 7 2 6 4 0 8 9 5 3]
 [1 7 5 6 2 4 8 3 0 9]
 [7 0 2 3 5 8 1 9 6 4]
 [2 5 9 1 3 8 6 0 4 7]
 [7 2 8 0 6 3 9 1 4 5]
 [3 0 2 7 1 9 8 6 5 4]
 [2 7 0 8 6 3 1 9 5 4]
 [8 2 1 7 6 4 5 9 0 3]
 [7 5 2 8 0 6 3 9 1 4]
 [2 8 6 3 7 9 5 4 0 1]
 [7 5 6 2 3 0 8 4 1 9]] 
 [0.00337473  0.08977698  0.14170638  0.01911384  0.04968566  0.27575334
  0.3047108  -0.21191878  0.39588743  0.00923681 -0.20882914 -0.06369382
  0.30393085  0.13585599 -0.63931483  0.32635011 -0.00905105 -0.01700504
  0.04992554 -0.0832201   0.18320393  0.32273922  0.28649907  0.11654682
 -0.01989282  0.11227432  0.15730925 -0.22499309 -0.3012741   0.27819425
 -0.08272401 -0.04498628 -0.31398744  0.25418702  0.17208741  0.21377998
  0.20893458  0.00656856  0.09381923  0.305428   -0.13285653  0.16928689
  0.05559815  0.12506824 -0.18183101 -0.05054605  0.06540776 -0.08278793
  0.35606588  0.27993819  0.00478076  0.22156012  0.27141495  0.14222908
  0.01467749  0.25815132 -0.33372103 -0.10704066  0.0754511   0.04520882
  0.09859242  0.17288678 -0.07879083  0.2217183] 
 [-15.104412573075514, -10.172089158549079, -9.0859716213557196, -4.901265201111725, -21.284679994194164, -16.978176908934358, -12.97909952232942, -9.6356087919650122, -46.203013092325016, -36.378414614536638, -27.148537424919262, -18.900024636381154, -14.452597117568651, -11.731537604785018, -9.3278781799261985, -20.95468437893615, -18.2126665765513, -15.750869243126033, -13.606730957223206, -11.731845926159409, -10.04124129130733, -8.4935439637685448, -13.623946457663063, -11.833201318214549, -10.223176276189424, -8.7627282909182185, -6.3304960138812021, -4.1104731643486936, -2.7293895099564907, -0.31520594351401598, -0.26296225347730484, -0.15206189892175814, -0.094125423467545488, -0.2367879033612752, -0.057138310102061496, -22.516101364734102, -14.259156877295986, -8.8574973645273509, -15.945641264963271, -13.884932364085827, -12.070560221629478, -10.66636363713242, -9.6371120342861758, -1.6565741921891863, -0.47219387081538855, -0.17825914938923404, -0.11567921008311544, -0.067609171869932538, -0.032653825956174387, -0.031570846787900564, -0.069126875122336173, -13.324532126852439, -8.0458393089637141, -0.41659927371026129, -0.30257210578859528, -7.282972252259313, -5.9772684020859543, -0.02213973119008017, -0.01259983927668884, -0.009136334984944483, -0.0058080612378716978, -1.3296854334019734, -4.9831790367270656, -0.02304589151171399, -0.010576730774516818, -0.0040326270291473065, -0.0029239125463220716, -0.0017920195055722843, -0.0012441943885761475, -0.0010387205918789277, -0.00090291846723289382, -0.00061407253643608328, -5.315751570530729, -0.0030039331999205388, -0.00050679997951874611, -0.0031258693575964003, -0.13567237359028184, -0.00058869268619332615, -0.0040652331798085584, -0.0040514017687485193, -7.9740198453118438, -8.4136469426803302, -1.3775171148656682, -0.017769416014914441, -0.0005294539625424477, -0.00049951014496230073, -0.00013328125149314474, -7.8001450859233046e-05, -0.0064990720765081278, -4.515918769726234, -1.4836780420635307, -0.0031707544609957949, -0.00094926570976383573, -0.0052999491812570909, -0.0090207025110373706, -32.885498231695564, -24.647738135108597, -16.555465004854568, -8.870303157085802, -0.80796734138326087, -6.5146001539072245, -0.00010123656724658758, -4.2114749362553994e-05, -4.8452054755898644e-05, -4.034205122138701e-05, -3.330066135731613e-05, -1.7398244466448887e-05, -1.6804638391931803e-06]
