[7 4 5 2 1 3 0 8 9 6] 
 [[7 4 2 8 0 3 9 1 5 6]
 [7 4 5 2 8 1 6 3 0 9]
 [4 1 7 5 0 3 8 2 6 9]
 [3 7 5 4 8 1 9 2 0 6]
 [7 4 2 0 5 1 3 6 8 9]
 [7 2 4 3 5 1 0 6 8 9]
 [7 1 4 5 0 6 2 3 8 9]
 [7 2 4 1 5 8 9 0 6 3]
 [4 7 0 2 3 1 5 8 9 6]
 [7 4 2 5 3 1 8 0 6 9]
 [4 1 0 8 5 2 7 9 3 6]
 [7 2 5 4 1 0 3 6 9 8]
 [4 7 5 0 2 3 1 8 6 9]
 [7 4 5 1 2 3 8 6 9 0]
 [7 2 4 3 1 5 0 8 6 9]
 [7 2 4 5 9 8 3 1 6 0]
 [5 7 4 0 2 8 9 1 3 6]
 [4 7 2 0 3 1 5 8 6 9]
 [7 5 8 1 4 2 0 6 3 9]
 [7 4 5 3 2 0 1 8 9 6]
 [1 4 2 5 7 3 0 8 9 6]
 [7 5 4 3 0 1 8 6 9 2]
 [4 5 2 8 9 1 3 7 0 6]
 [5 4 7 8 3 1 0 2 9 6]
 [7 0 2 4 3 5 1 8 9 6]
 [7 1 4 2 5 0 3 8 6 9]
 [4 7 0 3 8 1 5 9 2 6]
 [7 0 2 4 8 6 3 9 5 1]
 [4 0 7 5 2 1 8 3 6 9]
 [4 7 5 2 0 8 6 3 9 1]
 [7 4 3 2 5 0 8 1 9 6]
 [4 1 7 2 8 5 0 3 6 9]
 [4 5 8 7 9 2 0 3 6 1]
 [2 7 4 5 0 3 1 8 9 6]
 [7 0 1 3 4 2 5 8 9 6]
 [5 4 7 2 3 1 0 8 6 9]
 [1 2 4 7 3 5 0 8 6 9]
 [7 4 0 3 2 1 5 8 9 6]
 [7 5 2 3 0 4 1 9 6 8]
 [4 5 7 3 1 0 2 8 6 9]
 [2 7 4 5 1 8 3 9 6 0]
 [4 7 1 2 0 5 3 8 6 9]
 [7 4 5 1 2 8 0 9 6 3]
 [4 7 2 5 0 8 1 3 6 9]
 [4 5 7 8 0 2 1 6 9 3]
 [4 8 1 7 2 3 5 0 9 6]
 [7 3 4 1 0 5 2 6 8 9]
 [7 2 4 0 6 8 5 9 1 3]
 [4 5 3 7 0 6 2 8 9 1]
 [4 0 5 1 3 7 2 9 8 6]
 [4 5 1 7 6 8 3 2 0 9]
 [1 7 3 4 5 0 2 6 8 9]
 [5 3 2 4 7 0 8 6 9 1]
 [7 4 1 2 3 0 8 5 6 9]
 [4 1 2 7 8 0 6 3 5 9]
 [4 5 0 1 3 7 8 2 9 6]
 [4 7 5 1 8 2 3 9 6 0]
 [7 5 4 0 3 2 8 1 6 9]
 [7 4 1 5 8 2 0 3 6 9]
 [4 7 1 5 2 8 3 6 0 9]
 [4 7 0 2 8 6 5 9 3 1]
 [7 8 4 2 6 0 3 5 1 9]
 [7 5 2 3 0 8 1 4 9 6]
 [4 5 1 7 2 3 8 6 9 0]
 [7 0 3 5 4 2 8 6 9 1]
 [1 7 4 5 0 2 9 3 6 8]
 [7 4 5 2 1 3 0 8 9 6]
 [7 4 5 3 8 1 2 9 0 6]] 
 [-0.04534613  0.32220215 -0.04117326 -0.16968507  0.22843767  0.19313213
  0.38466303  0.13093323  0.082746    0.26767741 -0.54107999  0.27517511
  0.19602759  0.32604651  0.10183525  0.37721093  0.15914283  0.02385682
 -0.16718242  0.33911937  0.01195276 -0.05188467 -0.16248147  0.03500249
 -0.01628721  0.14936055 -0.19925049 -0.17525337 -0.04596262  0.20192931
  0.17801241 -0.05983638  0.04162405  0.21126071 -0.26874513  0.19166725
 -0.16272807  0.0630401   0.00153892  0.09537806  0.16771722  0.11833656
  0.18805246  0.1294781  -0.08206427 -0.17928318 -0.10733745  0.37518969
  0.13985977 -0.17628713  0.50737896 -0.16365747 -0.40909752 -0.01528009
 -0.2922012  -0.2608086   0.22580161  0.08982863  0.12202446  0.19533064
  0.08312326  0.27225582 -0.41734475  0.13039848 -0.34692301  0.18294055
  0.43911599  0.25428426] 
 [-15.104412573075514, -9.5743413906128652, -5.1347272886202759, -4.0276737680401737, -7.5059258655942624, -18.644365003368051, -17.478627781647639, -16.328173989768736, -15.193184076529938, -14.074313704894557, -12.972864385541868, -11.891097779498246, -10.832785445689098, -9.8041165204984111, -9.7956379867311441, -11.459901990305561, -10.397386953509411, -9.3876630424455954, -6.8199402689684554, -4.3849505871416312, -1.9635443375043131, -1.1940742239667834, -0.95069669560983172, -1.8340844261017644, -1.631352639505339, -3.0477681300694002, -2.4190733087281444, -2.5073866251031376, -0.87984518812750778, -0.88345934396004466, -2.7147255207152394, -1.6197074966278322, -2.1508638662701038, -1.4210376744006297, -0.88921436670607434, -2.4552940859209169, -1.0342298755504835, -0.4410446084644164, -0.21584156295288537, -0.17264364358542217, -0.15318106505540818, -0.14247641147833789, -0.13526446160927108, -0.12972826035719009, -0.12513882391234432, -0.12114624922769046, -0.11756454681077777, -0.11428638713164396, -0.11124595233257217, -0.10840070289814641, -0.10572167280833078, -0.10318807664031482, -0.1007842349107122, -0.0984977826975868, -0.078835056025356565, -0.066040984913701806, -0.05695132441313433, -0.050135738208281211, -0.0449184816457322, -0.042293356164528007, -0.067755811987703751, -6.8049212490013318, -0.11255880646049121, -0.084533786208723427, -0.056473910026554108, -2.2506954954042229, -0.094651206735605342, -0.84693135165769373, -0.16037444607862739, -0.040896792857267883, -0.030144138091980466, -0.10564123437289652, -0.016418551209504528, -0.012478529891364332, -0.011447805810121281, -0.010807559298445568, -0.010314949928968531, -0.0099195536669665074, -0.0079435588747038821, -0.0082420738213961897, -0.3301052859858018, -0.018861611291150382, -0.0086674714549630494, -0.015860241372273265, -0.0088181273439857932, -5.3390966665054904, -0.054514468431648311, -0.043479556444221856, -0.098862301540140862, -0.067040326851143917, -0.12891421255848456, -0.035260838991156618, -0.83227224282811108, -5.6969200842061269, -0.076640928723861634, -0.14753006381657485, -0.0092776749132141845, -2.9147830290025993, -0.044426755595850409, -0.0048754735313423225, -0.0017985759593059925, -0.0010607260175419242, -0.00087211599102587911, -0.00055250786884641911, -0.00055652852384113771, -0.00092931597442635905, -1.7886605722780331, -0.0074072157133642236, -0.0025389076426236556, -0.0022975178498896298, -0.00029072579433986334, -0.00021676345372867445, -0.00019131966516638954, -0.00017765868765096116, -0.00016808887176367193, -0.00016045769122285947, -0.00015393111639028234, -0.00014819966655110761, -0.00014303055306186252, -0.00013830148544968779, -0.00013392708222070837, -0.00012985252971731143, -0.00012603892659512894, -0.00012245712278513565, -0.0001190838329456767, -0.0001158996469889928, -0.0001128879487986012, -0.00011003427776046237, -0.00010732591136175529, -0.00010475156654621287, -0.00010230117455023446, -9.9965704524862531e-05, -7.9820266822849817e-05, -6.6759302413288424e-05, -5.7514298045902024e-05, -5.0597759948090015e-05, -4.5319192665260744e-05, -4.288198785573627e-05, -7.5033008105407362e-05, -1.4110240040779942, -0.0017122967741300954, -0.00026160724928558921, -0.00010722228608273099, -8.2757207316319636e-05, -2.7901780168093637e-05, -2.4574111417763334e-05, -2.1404374130895576e-05, -2.0549926016855125e-05, -1.9677894854908118e-05, -1.9267560134039741e-05, -1.7914338158675491e-05, -1.7025456205743694e-05, -1.5787845338621764e-05, -1.5038148923451899e-05, -1.440198649049762e-05, -1.390152225866359e-05, -1.3457603692756948e-05, -1.3053068421697844e-05, -1.2676213938078718e-05, -1.2322161818900668e-05, -1.1988038856713956e-05, -1.167192184325927e-05, -1.1372290142475094e-05, -1.1087843766688366e-05, -1.0817433967247325e-05, -1.0560031896034161e-05, -1.0314710316094988e-05, -1.0080630321596118e-05, -9.8570296813704772e-06]
