[7 0 2 3 8 4 5 1 9 6] 
 [[7 0 2 3 8 4 5 1 9 6]
 [4 5 7 0 2 3 1 6 8 9]
 [6 3 7 8 0 9 2 1 4 5]
 [2 3 7 8 0 4 5 6 1 9]
 [7 4 3 5 0 1 2 6 8 9]
 [3 4 0 5 9 6 7 8 2 1]
 [7 4 1 2 0 3 6 8 5 9]
 [5 7 4 0 3 8 1 2 9 6]
 [2 0 6 8 7 9 1 5 4 3]
 [7 4 3 2 0 1 5 8 6 9]
 [0 7 3 2 1 4 5 8 6 9]
 [0 3 7 1 8 9 6 4 2 5]
 [2 8 3 0 7 6 5 9 1 4]
 [7 2 1 3 8 4 5 0 9 6]
 [7 8 3 1 0 6 2 4 9 5]
 [1 6 0 4 3 2 9 8 7 5]
 [2 7 0 3 5 4 1 8 9 6]
 [7 4 6 0 3 8 2 9 1 5]
 [2 8 0 7 9 3 6 1 4 5]
 [0 4 8 1 7 2 3 9 5 6]
 [0 3 9 1 6 8 7 4 5 2]
 [3 7 2 0 8 1 6 9 4 5]
 [7 2 1 3 0 4 9 6 8 5]
 [4 0 3 2 8 5 1 9 6 7]
 [0 4 3 7 1 8 5 2 6 9]
 [7 2 8 0 3 9 4 1 5 6]
 [5 0 7 4 3 2 8 9 1 6]
 [5 4 0 3 2 8 1 6 7 9]
 [7 3 2 5 4 8 1 0 9 6]
 [0 9 7 8 3 6 2 4 5 1]
 [4 7 0 5 8 3 2 9 1 6]
 [7 4 0 5 2 3 1 8 6 9]
 [2 1 3 0 8 6 7 4 5 9]
 [2 8 1 3 7 0 5 6 4 9]
 [3 6 0 7 2 8 5 4 1 9]
 [4 3 8 5 0 2 6 9 1 7]
 [5 4 7 2 0 3 1 8 9 6]
 [3 1 2 0 7 6 9 8 5 4]
 [5 3 4 2 7 8 9 1 6 0]
 [7 0 3 4 8 9 1 6 2 5]
 [3 0 2 1 8 7 9 4 5 6]
 [0 1 3 8 7 9 6 2 5 4]
 [6 8 2 7 0 3 1 9 4 5]
 [7 2 8 4 5 0 3 6 1 9]
 [0 4 3 7 1 2 6 5 9 8]
 [0 7 2 3 8 6 9 4 1 5]
 [1 7 2 0 8 3 4 5 6 9]
 [4 7 2 3 8 9 5 6 1 0]
 [2 8 1 7 0 4 3 6 9 5]
 [7 3 0 2 9 8 4 1 5 6]
 [4 7 0 5 3 9 8 2 6 1]
 [7 4 2 8 0 3 1 6 5 9]
 [1 7 2 0 8 3 5 4 6 9]
 [7 2 5 1 3 0 8 6 9 4]
 [7 4 3 1 0 8 2 6 9 5]
 [7 2 0 4 5 3 1 8 6 9]
 [7 2 8 6 0 9 3 4 1 5]
 [1 4 3 0 7 2 8 6 5 9]
 [1 7 2 0 3 6 8 5 9 4]
 [1 0 8 4 7 5 2 3 9 6]
 [4 7 1 6 0 3 2 5 8 9]
 [1 4 6 0 7 3 2 9 8 5]] 
 [0.28042754  0.06382664  0.31197017  0.08027206  0.00816905 -0.13698103
  0.09925089 -0.11728831  0.15907081  0.16043705  0.23871786 -0.06209389
  0.07593037 -0.1055965  -0.0871368  -0.12048376  0.21809917  0.20613886
  0.26255099 -0.08535501  0.10472536  0.10139709  0.10810747 -0.25100716
 -0.0353461   0.2779626   0.06118784 -0.27635442 -0.10044095  0.79547767
  0.07505134  0.19843781 -0.09683345 -0.1166712   0.32436274 -0.47666978
 -0.0057488   0.03277425 -0.50692673  0.00970697  0.00186015 -0.03545957
  0.27086365  0.04301611  0.05489957  0.31065044  0.1010347  -0.16642469
 -0.15875273  0.41159592  0.13292176  0.12623594  0.11896018  0.07947272
 -0.06637097  0.24713205  0.27669055 -0.10128508  0.17666609 -0.23237823
  0.05848235 -0.05877292] 
 [-15.104412573075514, -12.640886855253569, -2.9036481141306112, -1.6427425434283975, -1.342500662029849, -1.2102617866714809, -1.046625153325671, -0.95312010248510859, -1.9015799148583312, -0.64533116911500343, -6.1724422302073805, -0.36961789108096355, -0.23896600717032612, -0.23309707851690575, -0.31247165027320278, -3.4295173196966999, -0.12534163510918006, -0.10258166277141356, -0.093575824720502965, -0.091338042373394046, -22.053359855128548, -11.25923593343245, -1.656144013348225, -0.22605447007475021, -0.08298966258566054, -0.18468680770334345, -0.018510136909199559, -0.0095084623419836589, -0.42661479191895069, -0.58367865227103266, -24.496362709525613, -0.93982570788193698, -11.026945461499409, -0.13628449326714076, -0.0067060100267610778, -1.1181877984133521, -0.054484747860321647, -0.022673904231638176, -0.0054834066007174442, -0.0045890546108466879, -0.0010540951089126338, -0.00036845467688806366, -0.00034666234839164645, -0.0034742054886436335, -0.0525626241859527, -4.0095345187972455, -0.13917677490186975, -0.025096084600747304, -0.003353026969236339, -0.0010886207306839424, -0.00080310109947845376, -0.00011379776113074058, -8.8871192545525446e-05, -1.9582836159770522e-05, -6.7084320420462973e-05, -13.424360551892249, -0.95039503272104753, -0.25779508082490565, -0.00076668177615601962, -4.6270858029699298, -0.0922335814567532, -8.4325166699935039, -0.45010289461055208, -0.002967831489826267, -0.00068630057867835603, -0.0022774274731034438, -0.00071465094433165177, -0.0045607837115539951, -0.0037926021052498982, -0.0009103882006229469, -21.031277053065345, -8.7547688411982705, -1.8938561616182881, -0.017478164847119615, -0.0025506766547920279, -0.00026703198638244885, -7.6748421292904823e-05, -2.0720131772122841e-05, -5.9603986528600217e-06]
