[7 5 1 4 8 2 3 6 0 9] 
 [[8 6 5 0 3 9 2 7 4 1]
 [6 2 9 0 5 1 4 8 7 3]
 [2 7 1 0 4 5 9 8 6 3]
 [5 1 0 3 6 8 7 2 4 9]
 [4 1 2 7 5 8 3 0 6 9]
 [4 7 2 1 3 5 0 8 9 6]
 [5 6 0 9 7 2 1 8 3 4]
 [1 5 0 7 6 2 4 3 8 9]
 [7 1 0 9 6 2 8 5 3 4]
 [7 2 8 5 6 3 0 1 4 9]
 [1 7 5 4 3 2 6 9 0 8]
 [1 5 7 8 6 0 4 2 3 9]
 [7 2 1 8 5 6 4 0 3 9]
 [9 8 5 3 6 2 0 1 4 7]
 [1 4 5 7 3 0 2 8 6 9]
 [2 5 8 7 1 0 9 6 3 4]
 [6 8 1 5 0 4 9 7 2 3]
 [2 7 1 5 4 6 8 3 9 0]
 [4 1 5 0 6 7 2 3 8 9]
 [2 1 5 8 7 6 0 4 9 3]
 [5 4 7 1 3 2 9 0 6 8]
 [7 5 1 4 8 2 3 6 0 9]
 [4 7 5 1 2 3 8 0 9 6]
 [7 5 8 2 3 6 9 4 0 1]
 [7 1 0 5 2 3 4 8 6 9]
 [7 0 2 1 4 5 3 8 6 9]
 [7 0 2 6 5 8 1 3 9 4]
 [1 5 6 0 8 2 3 7 9 4]
 [0 5 8 2 7 3 9 6 1 4]
 [7 1 6 4 8 5 3 0 2 9]
 [6 5 8 7 2 1 4 3 0 9]
 [7 5 4 1 6 9 8 3 0 2]
 [5 4 7 1 8 0 2 6 3 9]
 [5 4 7 2 0 8 1 9 3 6]
 [4 5 7 8 1 2 0 3 6 9]
 [2 7 0 8 6 1 5 3 4 9]
 [1 7 5 4 8 0 3 2 6 9]
 [7 2 0 1 8 9 6 3 4 5]] 
 [-0.56287723  0.22976499  0.20264082 -0.20220776 -0.21920783 -0.22972984
  0.79157038  0.08698016  0.52702929 -0.21163729 -0.04815865  0.28274727
 -0.02102558  0.34047575 -0.00096911  0.00292252 -0.15495135  0.11442042
 -0.3254985  -0.22051683  0.04482297  0.36588882  0.18475519  0.06349837
  0.33380404  0.22582587  0.1625847  -0.50647125  0.17429179  0.24111024
  0.09551415  0.91330231  0.26574125  0.3269737   0.13343905 -0.23769733
  0.44796527 -0.34905658] 
 [-15.104412573075514, -11.541654770570492, -11.06544725529154, -17.365405614280238, -6.176918781323284, -8.3716319298494, -8.8108679351766206, -16.039984892245982, -4.1314785022972629, -3.5279327256688688, -2.9066349405935057, -2.5690123907277567, -2.3806547751433875, -2.2427418714788985, -2.1385846726678821, -2.0000662728195095, -1.8936469261423561, -1.7782208001750064, -1.6897862530268881, -1.6096683718715212, -1.5448321074905067, -1.4878511583372713, -1.4379502906410764, -1.3926684113382066, -1.3510257128021124, -1.3122218680493134, -1.2758088196273647, -1.2414808897119798, -1.209022838196276, -1.178265718789099, -1.1490684124464394, -1.1213084367590938, -1.094877509763819, -1.0696789557953466, -1.0456259277305691, -1.0226400397006756, -1.0006502619484365, -0.97959200624196541, -0.79548842314294177, -0.67165983917212202, -0.58219553729200157, -0.51685671111481213, -0.54855474539866833, -5.0591327302335429, -0.54023535406548717, -1.4142431982869965, -0.46838109482138179, -0.98434352377830692, -49.738961397899644, -10.333505179661842, -3.1939991249553401, -0.72064177325401602, -1.500763255249268, -0.39627028063556224, -0.36316759387977982, -0.368127660374995, -0.45861246327598337, -1.061575941284076, -0.26976205113852814, -0.16897725655400109, -0.12832209676979289, -0.11387323898651402, -0.10767463015966428, -0.1031365997713749, -0.099384721750098493, -0.076501217563503587, -0.068200872089192899, -0.14474068911846416, -0.091792359879036667, -20.659663670470479, -4.3294483925522798, -0.35389617546832142, -0.62274656560614972, -23.39559769425648, -7.4494936126111782, -0.43197105359462284, -0.34917734969927494, -2.7475169676999656, -0.11699859042769845, -0.081048827995346073, -0.041141415778454871, -0.045064406506440946, -0.6442484747456092, -15.256587414540576, -0.086759670256171262, -0.17870794380388588, -0.052186728573531127, -0.041518239961931158, -0.37237093167203739, -0.69052310211438339, -3.001565216206842, -0.33768223427799171, -0.51792804223273947, -9.2116949258166301, -0.7006052741971871, -0.80560293919782566, -5.1605827258367185, -0.39245799668574932, -0.4833470112572229, -0.19416544765437038, -0.066422779671142962, -0.053638301581827363, -5.2340996858438587, -0.40952773958034072, -0.031670816301016202, -0.010968597605000241, -0.0081452870837495084, -0.0076253344090844166, -3.4091743701958706, -0.51722396089579092, -0.093911265025695911, -58.520911860533211, -2.1921178684417555, -0.27861735572378166, -0.098082650236932523, -0.050060546409781637, -0.0075712188916270406, -0.32455730151619377, -0.13435845978048633, -0.017588059321553828, -0.003206919977429834, -0.0026965164576324696, -0.0016843924997260729, -0.0013292272039393538, -0.0011752697786562294, -0.001070151951267917, -0.00098393570084454041, -0.00047047511370124084, -0.000347572502590765, -0.0002961124044418284, -0.00029063538130458255, -0.00038692045464472358, -0.0057301426070068828, -1.4122795796523917, -0.051162768766999989, -8.0132235762201276, -2.770172434101255, -0.098759316000553099, -28.605157236009248, -0.95111196417937549, -11.182091945414356, -0.20790343730993754, -0.0095743955582179296, -0.058912431671217291, -0.00184285741028134, -0.0072084309154547554, -18.506631674594928, -1.7728693754614255, -0.22480294463346695, -0.062677325890859947, -0.014505449880914512, -0.0014451893466400634, -0.00068263596671158666, -0.0023420638328843779, -0.00029302735634928467, -0.00016886538980998012, -0.00011945065216423245, -9.6860454391389794e-05, -0.00016961503109769183, -7.4504554333998385e-05, -0.0041455632761540073, -1.4228772745899505, -0.018231576125515403, -0.00016609328687877678, -7.3157456824901601e-05, -5.7342495949797012e-05, -0.00017071047395234018, -9.2435366127574525e-05, -0.0009597473749636265, -0.028906778107000264, -0.00014714406427174254, -8.8908565601286682e-05, -5.0028802888846258e-05, -0.0014884668285048974, -1.9412273729813023e-05, -1.5706067358678411e-05, -1.3545157344196923e-05, -1.2153420641425328e-05, -1.1142267396735406e-05, -1.0348233502099902e-05, -9.7003033943110495e-06]
